target_joints1 = [1.5512738858735656, 0.06773942875817074, 4.647787753242483e-05, 2.378969334948522e-05, 1.2841756063216714, -2.144068107590158e-05]
target_joints2 = [2.1512738858735656, 0.06773942875817074, 4.647787753242483e-05, 2.378969334948522e-05, 1.2841756063216714, -2.144068107590158e-05]
target_jointsdown = [1.5512738858735656e-05, 0.384859018409041, 0.10961680388433237, 0.00021931832848487431, 1.0967794335256684, -0.0004656774227944638]
      